        weight_2021 pitax_2021 total_gross_income_2021 weight_2022 pitax_2022 total_gross_income_2022 weight_ref_2022 pitax_ref_2022 total_gross_income_ref_2022 weight_ref_2023 pitax_ref_2023 total_gross_income_ref_2023 weight_ref_2024 pitax_ref_2024 total_gross_income_ref_2024 weight_ref_2025 pitax_ref_2025 total_gross_income_ref_2025 weight_ref_2026 pitax_ref_2026 total_gross_income_ref_2026 weight_ref_2027 pitax_ref_2027 total_gross_income_ref_2027
 0-10n          -99          0                       0         -99          0                       0             -99              0                           0             -99              0                           0             -99              0                           0             -99              0                           0             -99              0                           0             -99              0                           0
 0-10z          -99          0                       0         -99          0                       0             -99              0                           0             -99              0                           0             -99              0                           0             -99              0                           0             -99              0                           0             -99              0                           0
 0-10p       77,042     10,160                  46,299      77,042     10,151                  46,299          77,042         10,151                      46,299          77,042         10,138                      46,299          77,042         10,125                      46,299          77,042         10,111                      46,299          77,042         10,111                      46,299          77,042         10,111                      46,299
 10-20       77,043     60,127                 274,332      77,043     60,122                 274,332          77,043         60,122                     274,332          77,043         60,117                     274,332          77,043         60,110                     274,332          77,043         60,102                     274,332          77,043         60,102                     274,332          77,043         60,102                     274,332
 20-30       77,043    121,464                 555,472      77,043    121,443                 555,472          77,043        121,443                     555,472          77,043        121,426                     555,472          77,043        121,405                     555,472          77,043        121,386                     555,472          77,043        121,386                     555,472          77,043        121,386                     555,472
 30-40       77,043    192,002                 879,558      77,043    191,959                 879,558          77,043        191,968                     879,558          77,043        191,927                     879,558          77,043        191,865                     879,558          77,043        191,809                     879,558          77,043        191,809                     879,558          77,043        191,809                     879,558
 40-50       77,042    249,577               1,138,888      77,042    249,492               1,138,888          77,042        249,587                   1,138,888          77,042        249,493                   1,138,888          77,042        249,407                   1,138,888          77,042        249,299                   1,138,888          77,042        249,299                   1,138,888          77,042        249,299                   1,138,888
 50-60       77,043    305,489               1,395,678      77,043    305,329               1,395,678          77,043        305,641                   1,395,678          77,043        305,522                   1,395,678          77,043        305,377                   1,395,678          77,043        305,226                   1,395,678          77,043        305,226                   1,395,678          77,043        305,226                   1,395,678
 60-70       77,043    389,404               1,783,338      77,043    389,139               1,783,338          77,043        390,062                   1,783,338          77,043        389,864                   1,783,338          77,043        389,656                   1,783,338          77,043        389,411                   1,783,338          77,043        389,411                   1,783,338          77,043        389,411                   1,783,338
 70-80       77,043    516,562               2,373,340      77,043    516,018               2,373,340          77,043        518,625                   2,373,340          77,043        518,323                   2,373,340          77,043        517,983                   2,373,340          77,043        517,600                   2,373,340          77,043        517,600                   2,373,340          77,043        517,600                   2,373,340
 80-90       77,043    750,706               3,503,447      77,043    748,727               3,503,447          77,043        762,234                   3,503,447          77,043        761,434                   3,503,447          77,043        760,559                   3,503,447          77,043        759,587                   3,503,447          77,043        759,587                   3,503,447          77,043        759,587                   3,503,447
 90-100      77,043  1,904,392              10,265,719      77,043  1,878,536              10,265,719          77,043      2,140,764                  10,265,719          77,043      2,137,065                  10,265,719          77,043      2,133,063                  10,265,719          77,043      2,128,641                  10,265,719          77,043      2,128,641                  10,265,719          77,043      2,128,641                  10,265,719
 ALL        770,428    449,989               2,221,611     770,428    447,092               2,221,611         770,428        475,061                   2,221,611         770,428        474,532                   2,221,611         770,428        473,956                   2,221,611         770,428        473,318                   2,221,611         770,428        473,318                   2,221,611         770,428        473,318                   2,221,611
 90-95       38,521  1,141,312               5,531,181      38,521  1,133,846               5,531,181          38,521      1,195,892                   5,531,181          38,521      1,193,858                   5,531,181          38,521      1,191,628                   5,531,181          38,521      1,189,192                   5,531,181          38,521      1,189,192                   5,531,181          38,521      1,189,192                   5,531,181
 95-99       30,817  1,905,833              10,061,026      30,817  1,874,397              10,061,026          30,817      2,164,128                  10,061,026          30,817      2,159,460                  10,061,026          30,817      2,154,376                  10,061,026          30,817      2,148,738                  10,061,026          30,817      2,148,738                  10,061,026          30,817      2,148,738                  10,061,026
 Top 1%       7,705  5,713,633              34,754,646       7,705  5,618,153              34,754,646           7,705      6,771,184                  34,754,646           7,705      6,763,044                  34,754,646           7,705      6,754,508                  34,754,646           7,705      6,745,021                  34,754,646           7,705      6,745,021                  34,754,646           7,705      6,745,021                  34,754,646

