        weight_2021 pitax_2021 total_gross_income_2021 weight_2022 pitax_2022 total_gross_income_2022 weight_ref_2022 pitax_ref_2022 total_gross_income_ref_2022 weight_ref_2023 pitax_ref_2023 total_gross_income_ref_2023 weight_ref_2024 pitax_ref_2024 total_gross_income_ref_2024 weight_ref_2025 pitax_ref_2025 total_gross_income_ref_2025 weight_ref_2026 pitax_ref_2026 total_gross_income_ref_2026 weight_ref_2027 pitax_ref_2027 total_gross_income_ref_2027
<0              0.0          0                       0         0.0          0                       0             0.0              0                           0             0.0              0                           0             0.0              0                           0             0.0              0                           0             0.0              0                           0             0.0              0                           0
=0          44870.0          0                       0     44870.0          0                       0         44870.0              0                           0         44870.0              0                           0         44870.0              0                           0         44870.0              0                           0         44870.0              0                           0         44870.0              0                           0
0-0.5 m    276060.0     13,210                  60,075    266740.0     12,821                  58,307        266740.0         11,661                      58,307        257820.0         11,307                      56,538        249050.0         10,950                      54,751        241080.0         10,659                      53,300        232660.0         10,310                      51,554        225810.0         10,104                      50,523
0.5-1m     159170.0     25,479                 115,898    154970.0     24,762                 112,642        154970.0         22,525                     112,642        152820.0         22,252                     111,279        149390.0         21,722                     108,620        146060.0         21,270                     106,360        143780.0         20,962                     104,821        141020.0         20,701                     103,515
1-1.5m     172400.0     46,249                 210,259    166880.0     45,174                 205,377        166880.0         41,075                     205,377        162530.0         40,579                     202,894        158450.0         40,030                     200,157        153420.0         39,243                     196,226        140200.0         35,992                     179,967        126120.0         32,433                     162,175
1.5-2m      93610.0     35,597                 161,828     98045.0     37,223                 169,215         98045.0         33,842                     169,215         99960.0         34,678                     173,393        100740.0         34,979                     174,895        101410.0         35,267                     176,336        108830.0         37,528                     187,640        116640.0         40,075                     200,375
2-3m        95124.0     50,767                 230,800    100883.0     53,904                 245,066        100883.0         49,010                     245,066        105190.0         51,240                     256,215        110910.0         54,052                     270,279        115918.0         56,520                     282,613        120308.0         58,559                     292,799        124458.0         60,674                     303,375
3-4m        46062.0     34,866                 158,533     48696.0     36,994                 168,207         48696.0         33,635                     168,207         51140.0         35,368                     176,866         53274.0         36,807                     184,061         56140.0         38,740                     193,728         59848.0         41,152                     205,785         63508.0         43,723                     218,637
4-5m        24753.0     24,282                 110,407     25767.0     25,237                 114,745         25767.0         22,945                     114,745         27820.0         24,763                     123,844         30488.0         27,121                     135,636         32812.0         29,202                     146,045         35220.0         31,348                     156,772         37040.0         33,067                     165,371
5-10m       42112.0     62,819                 285,703     45569.0     67,896                 308,777         45569.0         61,733                     308,777         48555.0         65,994                     330,089         51677.0         70,462                     352,421         55012.0         75,083                     375,530         58813.0         80,332                     401,784         62674.0         85,691                     428,583
>10m        17907.0     75,089                 377,579     19648.0     82,781                 414,301         19648.0         75,323                     414,301         21363.0         82,468                     451,757         23219.0         90,237                     492,435         25346.0         98,934                     537,834         27539.0        108,190                     586,111         29928.0        118,288                     638,705
ALL        972068.0    368,358               1,711,083    972068.0    386,792               1,796,637        972068.0        351,749                   1,796,637        972068.0        368,649                   1,882,876        972068.0        386,359                   1,973,254        972068.0        404,920                   2,067,970        972068.0        424,371                   2,167,233        972068.0        444,757                   2,271,260

