        weight_2018 pitax_2018 total_gross_income_2018 weight_2019 pitax_2019 total_gross_income_2019 weight_2020 pitax_2020 total_gross_income_2020 weight_2021 pitax_2021 total_gross_income_2021 weight_2022 pitax_2022 total_gross_income_2022 weight_ref_2022 pitax_ref_2022 total_gross_income_ref_2022 weight_ref_2023 pitax_ref_2023 total_gross_income_ref_2023 weight_ref_2024 pitax_ref_2024 total_gross_income_ref_2024 weight_ref_2025 pitax_ref_2025 total_gross_income_ref_2025 weight_ref_2026 pitax_ref_2026 total_gross_income_ref_2026 weight_ref_2027 pitax_ref_2027 total_gross_income_ref_2027
 0-10n          -99          0                       0         -99          0                       0         -99          0                       0         -99          0                       0         -99          0                       0             -99              0                           0             -99              0                           0             -99              0                           0             -99              0                           0             -99              0                           0             -99              0                           0
 0-10z          -99          0                       0         -99          0                       0         -99          0                       0         -99          0                       0         -99          0                       0             -99              0                           0             -99              0                           0             -99              0                           0             -99              0                           0             -99              0                           0             -99              0                           0
 0-10p       23,310      6,165                 144,181      23,310      6,820                 157,630      23,310      6,787                 156,948      23,310      7,566                 173,186      23,310      7,986                 182,017          23,310          7,986                     182,017          23,310          8,624                     195,500          23,310          9,022                     203,927          23,310          9,616                     216,567          23,310         10,209                     229,207          23,310         10,874                     243,414
 10-20       23,310     30,796                 532,940      23,310     33,680                 582,652      23,310     33,534                 580,129      23,310     37,015                 640,151      23,310     38,907                 672,794          23,310         38,907                     672,794          23,310         41,796                     722,631          23,310         43,602                     753,778          23,310         46,312                     800,500          23,310         49,026                     847,222          23,310         52,077                     899,736
 20-30       23,310     60,122                 909,849      23,310     65,783                 994,719      23,310     65,495                 990,411      23,310     72,358               1,092,882      23,310     76,106               1,148,611          23,310         76,106                   1,148,611          23,310         81,876                   1,233,694          23,310         85,552                   1,286,870          23,310         91,264                   1,366,635          23,310         97,197                   1,446,399          23,310        104,083                   1,536,052
 30-40       23,310    101,406               1,358,283      23,310    111,907               1,484,982      23,310    111,342               1,478,552      23,310    125,183               1,631,528      23,310    132,933               1,714,724          23,310        132,933                   1,714,724          23,310        144,996                   1,841,740          23,310        152,640                   1,921,125          23,310        164,183                   2,040,203          23,310        175,767                   2,159,281          23,310        188,817                   2,293,121
 40-50       23,310    119,328               1,526,598      23,310    132,958               1,668,997      23,310    132,255               1,661,770      23,310    149,149               1,833,702      23,310    158,436               1,927,207          23,310        158,436                   1,927,207          23,310        172,678                   2,069,963          23,310        181,608                   2,159,186          23,310        195,040                   2,293,019          23,310        208,510                   2,426,853          23,310        223,688                   2,577,278
 50-60       23,310    139,653               1,701,261      23,310    155,691               1,859,952      23,310    154,873               1,851,898      23,310    174,387               2,043,501      23,310    185,046               2,147,705          23,310        185,046                   2,147,705          23,310        201,357                   2,306,794          23,310        211,570                   2,406,225          23,310        226,920                   2,555,371          23,310        242,295                   2,704,517          23,310        259,607                   2,872,152
 60-70       23,310    169,362               1,956,368      23,310    188,164               2,138,856      23,310    187,208               2,129,594      23,310    210,017               2,349,928      23,310    222,453               2,469,757          23,310        222,453                   2,469,757          23,310        241,471                   2,652,702          23,310        253,381                   2,767,043          23,310        271,285                   2,938,554          23,310        289,216                   3,110,065          23,310        309,392                   3,302,838
 70-80       23,310    216,925               2,378,464      23,310    240,315               2,600,324      23,310    239,126               2,589,064      23,310    267,426               2,856,937      23,310    282,837               3,002,619          23,310        282,837                   3,002,619          23,310        306,391                   3,225,035          23,310        321,125                   3,364,046          23,310        343,238                   3,572,561          23,310        365,375                   3,781,076          23,310        390,271                   4,015,440
 80-90       23,310    323,596               3,334,681      23,310    356,666               3,645,736      23,310    354,986               3,629,950      23,310    394,968               4,005,515      23,310    416,736               4,209,767          23,310        416,736                   4,209,767          23,310        449,997                   4,521,602          23,310        470,809                   4,716,498          23,310        502,071                   5,008,843          23,310        533,397                   5,301,188          23,310        568,829                   5,629,774
 90-100      23,320  1,419,808              13,322,874      23,320  1,558,135              14,565,616      23,320  1,551,107              14,502,544      23,320  1,718,728              16,003,022      23,320  1,810,193              16,819,058          23,320      1,810,193                  16,819,058          23,320      1,950,162                  18,064,914          23,320      2,037,795                  18,843,574          23,320      2,169,579                  20,011,565          23,320      2,301,626                  21,179,555          23,320      2,450,219                  22,492,337
 ALL        233,110    258,766               2,717,005     233,110    285,067               2,970,444     233,110    283,726               2,957,581     233,110    315,740               3,263,582     233,110    333,227               3,430,000         233,110        333,227                   3,430,000         233,110        360,003                   3,684,074         233,110        376,782                   3,842,871         233,110        402,027                   4,081,065         233,110        427,342                   4,319,260         233,110        455,871                   4,586,982
 90-95       11,660    569,312               5,564,501      11,660    625,850               6,083,551      11,660    622,967               6,057,209      11,660    692,045               6,683,906      11,660    730,089               7,024,736          11,660        730,089                   7,024,736          11,660        788,685                   7,545,087          11,660        825,556                   7,870,306          11,660        881,361                   8,358,135          11,660        937,611                   8,845,964          11,660      1,001,121                   9,394,267
 95-99        9,320  1,281,892              12,061,212       9,320  1,409,591              13,186,267       9,320  1,403,106              13,129,169       9,320  1,557,719              14,487,553       9,320  1,641,925              15,226,311           9,320      1,641,925                  15,226,311           9,320      1,770,630                  16,354,186           9,320      1,851,124                  17,059,108           9,320      1,972,052                  18,116,491           9,320      2,093,054                  19,173,873           9,320      2,229,122                  20,362,337
 Top 1%       2,340  6,207,061              57,007,198       2,340  6,795,268              62,324,760       2,340  6,765,411              62,054,884       2,340  7,475,880              68,475,274       2,340  7,862,448              71,967,007           2,340      7,862,448                  71,967,007           2,340      8,452,747                  77,297,896           2,340      8,821,764                  80,629,702           2,340      9,375,382                  85,627,411           2,340      9,929,111                  90,625,119           2,340     10,551,545                  96,242,379

