      weight_2021    pitax_2021 total_gross_income_2021   weight_2022    pitax_2022 total_gross_income_2022 weight_ref_2022 pitax_ref_2022 total_gross_income_ref_2022 weight_ref_2023 pitax_ref_2023 total_gross_income_ref_2023 weight_ref_2024 pitax_ref_2024 total_gross_income_ref_2024 weight_ref_2025 pitax_ref_2025 total_gross_income_ref_2025 weight_ref_2026 pitax_ref_2026 total_gross_income_ref_2026 weight_ref_2027 pitax_ref_2027 total_gross_income_ref_2027     ETR ETR_ref
0      7,700.0100        0.0000                  0.0000    7,700.0100        0.0000                  0.0000      7,700.0100         0.0000                      0.0000      7,700.0100         0.0000                      0.0000      7,700.0100         0.0000                      0.0000      7,700.0100         0.0000                      0.0000      7,700.0100         0.0000                      0.0000      7,700.0100         0.0000                      0.0000     nan     nan
1      7,700.0100        0.0000                  0.0000    7,700.0100        0.0000                  0.0000      7,700.0100         0.0000                      0.0000      7,700.0100         0.0000                      0.0000      7,700.0100         0.0000                      0.0000      7,700.0100         0.0000                      0.0000      7,700.0100         0.0000                      0.0000      7,700.0100         0.0000                      0.0000     nan     nan
2      7,710.0100        0.0000                  0.0000    7,710.0100        0.0000                  0.0000      7,710.0100         0.0000                      0.0000      7,710.0100         0.0000                      0.0000      7,710.0100         0.0000                      0.0000      7,710.0100         0.0000                      0.0000      7,710.0100         0.0000                      0.0000      7,710.0100         0.0000                      0.0000     nan     nan
3      7,700.0100        1.0000                  5.0000    7,700.0100        1.0000                  5.0000      7,700.0100         1.0000                      5.0000      7,700.0100         1.0000                      6.0000      7,700.0100         1.0000                      6.0000      7,700.0100         1.0000                      6.0000      7,700.0100         1.0000                      6.0000      7,700.0100         1.0000                      7.0000  0.2000  0.2000
4      7,710.0100       38.0000                174.0000    7,710.0100       40.0000                183.0000      7,710.0100        40.0000                    183.0000      7,710.0100        42.0000                    192.0000      7,710.0100        44.0000                    201.0000      7,710.0100        46.0000                    211.0000      7,710.0100        48.0000                    221.0000      7,710.0100        51.0000                    231.0000  0.2186  0.2186
5      7,700.0100       78.0000                358.0000    7,700.0100       82.0000                376.0000      7,700.0100        82.0000                    376.0000      7,700.0100        86.0000                    394.0000      7,700.0100        90.0000                    413.0000      7,700.0100        95.0000                    433.0000      7,700.0100        99.0000                    454.0000      7,700.0100       104.0000                    475.0000  0.2181  0.2181
6      7,700.0100      115.0000                525.0000    7,700.0100      121.0000                551.0000      7,700.0100       121.0000                    551.0000      7,700.0100       127.0000                    577.0000      7,700.0100       133.0000                    605.0000      7,700.0100       139.0000                    634.0000      7,700.0100       146.0000                    664.0000      7,700.0100       153.0000                    696.0000  0.2196  0.2196
7      7,710.0100      153.0000                694.0000    7,710.0100      160.0000                729.0000      7,710.0100       160.0000                    729.0000      7,710.0100       168.0000                    764.0000      7,710.0100       176.0000                    801.0000      7,710.0100       184.0000                    839.0000      7,710.0100       193.0000                    880.0000      7,710.0100       202.0000                    922.0000  0.2195  0.2195
8      7,700.0100      186.0000                849.0000    7,700.0100      195.0000                891.0000      7,700.0100       195.0000                    891.0000      7,700.0100       204.0000                    934.0000      7,700.0100       214.0000                    979.0000      7,700.0100       224.0000                  1,026.0000      7,700.0100       235.0000                  1,075.0000      7,700.0100       246.0000                  1,126.0000  0.2189  0.2189
9      7,710.0100      226.0000              1,029.0000    7,710.0100      237.0000              1,081.0000      7,710.0100       237.0000                  1,081.0000      7,710.0100       249.0000                  1,133.0000      7,710.0100       261.0000                  1,187.0000      7,710.0100       273.0000                  1,244.0000      7,710.0100       286.0000                  1,304.0000      7,710.0100       300.0000                  1,366.0000  0.2192  0.2192
10     7,700.0100      263.0000              1,200.0000    7,700.0100      276.0000              1,260.0000      7,700.0100       276.0000                  1,260.0000      7,700.0100       290.0000                  1,320.0000      7,700.0100       304.0000                  1,384.0000      7,700.0100       318.0000                  1,450.0000      7,700.0100       333.0000                  1,520.0000      7,700.0100       349.0000                  1,593.0000  0.2190  0.2190
11     7,700.0100      305.0000              1,389.0000    7,700.0100      320.0000              1,459.0000      7,700.0100       320.0000                  1,459.0000      7,700.0100       336.0000                  1,529.0000      7,700.0100       352.0000                  1,602.0000      7,700.0100       369.0000                  1,679.0000      7,700.0100       386.0000                  1,760.0000      7,700.0100       405.0000                  1,844.0000  0.2193  0.2193
12     7,710.0100      344.0000              1,572.0000    7,710.0100      361.0000              1,651.0000      7,710.0100       361.0000                  1,651.0000      7,710.0100       379.0000                  1,730.0000      7,710.0100       397.0000                  1,813.0000      7,710.0100       416.0000                  1,900.0000      7,710.0100       436.0000                  1,991.0000      7,710.0100       457.0000                  2,087.0000  0.2187  0.2187
13     7,700.0100      393.0000              1,788.0000    7,700.0100      412.0000              1,877.0000      7,700.0100       412.0000                  1,877.0000      7,700.0100       432.0000                  1,967.0000      7,700.0100       453.0000                  2,062.0000      7,700.0100       475.0000                  2,160.0000      7,700.0100       497.0000                  2,264.0000      7,700.0100       521.0000                  2,373.0000  0.2195  0.2195
14     7,710.0100      437.0000              1,998.0000    7,710.0100      459.0000              2,098.0000      7,710.0100       459.0000                  2,098.0000      7,710.0100       481.0000                  2,199.0000      7,710.0100       504.0000                  2,305.0000      7,710.0100       528.0000                  2,415.0000      7,710.0100       553.0000                  2,531.0000      7,710.0100       580.0000                  2,653.0000  0.2188  0.2188
15     7,700.0100      481.0000              2,193.0000    7,700.0100      505.0000              2,303.0000      7,700.0100       505.0000                  2,303.0000      7,700.0100       529.0000                  2,413.0000      7,700.0100       555.0000                  2,529.0000      7,700.0100       581.0000                  2,650.0000      7,700.0100       609.0000                  2,777.0000      7,700.0100       638.0000                  2,911.0000  0.2193  0.2193
16     7,700.0100      526.0000              2,399.0000    7,700.0100      552.0000              2,519.0000      7,700.0100       552.0000                  2,519.0000      7,700.0100       579.0000                  2,640.0000      7,700.0100       606.0000                  2,766.0000      7,700.0100       636.0000                  2,899.0000      7,700.0100       666.0000                  3,038.0000      7,700.0100       698.0000                  3,184.0000  0.2191  0.2191
17     7,710.0100      577.0000              2,625.0000    7,710.0100      606.0000              2,756.0000      7,710.0100       606.0000                  2,756.0000      7,710.0100       635.0000                  2,889.0000      7,710.0100       665.0000                  3,027.0000      7,710.0100       697.0000                  3,173.0000      7,710.0100       730.0000                  3,325.0000      7,710.0100       765.0000                  3,484.0000  0.2199  0.2199
18     7,700.0100      626.0000              2,852.0000    7,700.0100      657.0000              2,994.0000      7,700.0100       657.0000                  2,994.0000      7,700.0100       689.0000                  3,138.0000      7,700.0100       722.0000                  3,289.0000      7,700.0100       756.0000                  3,447.0000      7,700.0100       793.0000                  3,612.0000      7,700.0100       831.0000                  3,785.0000  0.2194  0.2194
19     7,710.0100      675.0000              3,079.0000    7,710.0100      709.0000              3,233.0000      7,710.0100       709.0000                  3,233.0000      7,710.0100       743.0000                  3,388.0000      7,710.0100       778.0000                  3,551.0000      7,710.0100       816.0000                  3,722.0000      7,710.0100       855.0000                  3,900.0000      7,710.0100       896.0000                  4,087.0000  0.2193  0.2193
20     7,700.0100      724.0000              3,310.0000    7,700.0100      760.0000              3,476.0000      7,700.0100       760.0000                  3,476.0000      7,700.0100       797.0000                  3,643.0000      7,700.0100       835.0000                  3,818.0000      7,700.0100       875.0000                  4,001.0000      7,700.0100       917.0000                  4,193.0000      7,700.0100       961.0000                  4,394.0000  0.2186  0.2186
21     7,700.0100      768.0000              3,545.0000    7,700.0100      806.0000              3,722.0000      7,700.0100       806.0000                  3,722.0000      7,700.0100       845.0000                  3,901.0000      7,700.0100       885.0000                  4,088.0000      7,700.0100       928.0000                  4,284.0000      7,700.0100       972.0000                  4,490.0000      7,700.0100     1,019.0000                  4,705.0000  0.2166  0.2166
22     7,710.0100      823.0000              3,776.0000    7,710.0100      865.0000              3,964.0000      7,710.0100       865.0000                  3,964.0000      7,710.0100       906.0000                  4,155.0000      7,710.0100       950.0000                  4,354.0000      7,710.0100       995.0000                  4,563.0000      7,710.0100     1,043.0000                  4,782.0000      7,710.0100     1,093.0000                  5,012.0000  0.2182  0.2182
23     7,700.0100      875.0000              4,006.0000    7,700.0100      919.0000              4,206.0000      7,700.0100       919.0000                  4,206.0000      7,700.0100       963.0000                  4,408.0000      7,700.0100     1,009.0000                  4,619.0000      7,700.0100     1,058.0000                  4,841.0000      7,700.0100     1,108.0000                  5,073.0000      7,700.0100     1,161.0000                  5,317.0000  0.2185  0.2185
24     7,710.0100      921.0000              4,210.0000    7,710.0100      967.0000              4,421.0000      7,710.0100       967.0000                  4,421.0000      7,710.0100     1,014.0000                  4,633.0000      7,710.0100     1,062.0000                  4,855.0000      7,710.0100     1,113.0000                  5,088.0000      7,710.0100     1,167.0000                  5,333.0000      7,710.0100     1,223.0000                  5,589.0000  0.2187  0.2187
25     7,700.0100      959.0000              4,365.0000    7,700.0100    1,007.0000              4,583.0000      7,700.0100     1,007.0000                  4,583.0000      7,700.0100     1,055.0000                  4,803.0000      7,700.0100     1,106.0000                  5,034.0000      7,700.0100     1,159.0000                  5,275.0000      7,700.0100     1,215.0000                  5,529.0000      7,700.0100     1,273.0000                  5,794.0000  0.2197  0.2197
26     7,700.0100      987.0000              4,562.0000    7,700.0100    1,036.0000              4,790.0000      7,700.0100     1,036.0000                  4,790.0000      7,700.0100     1,086.0000                  5,020.0000      7,700.0100     1,138.0000                  5,261.0000      7,700.0100     1,193.0000                  5,514.0000      7,700.0100     1,250.0000                  5,779.0000      7,700.0100     1,310.0000                  6,056.0000  0.2163  0.2163
27     7,710.0100    1,042.0000              4,754.0000    7,710.0100    1,094.0000              4,991.0000      7,710.0100     1,094.0000                  4,991.0000      7,710.0100     1,147.0000                  5,231.0000      7,710.0100     1,202.0000                  5,482.0000      7,710.0100     1,260.0000                  5,745.0000      7,710.0100     1,320.0000                  6,021.0000      7,710.0100     1,383.0000                  6,310.0000  0.2192  0.2192
28     7,700.0100    1,098.0000              5,002.0000    7,700.0100    1,153.0000              5,252.0000      7,700.0100     1,153.0000                  5,252.0000      7,700.0100     1,208.0000                  5,504.0000      7,700.0100     1,266.0000                  5,769.0000      7,700.0100     1,327.0000                  6,046.0000      7,700.0100     1,391.0000                  6,336.0000      7,700.0100     1,458.0000                  6,640.0000  0.2195  0.2195
29     7,710.0100    1,156.0000              5,276.0000    7,710.0100    1,213.0000              5,539.0000      7,710.0100     1,213.0000                  5,539.0000      7,710.0100     1,272.0000                  5,805.0000      7,710.0100     1,333.0000                  6,084.0000      7,710.0100     1,397.0000                  6,376.0000      7,710.0100     1,464.0000                  6,682.0000      7,710.0100     1,534.0000                  7,003.0000  0.2190  0.2190
30     7,700.0100    1,217.0000              5,544.0000    7,700.0100    1,278.0000              5,821.0000      7,700.0100     1,278.0000                  5,821.0000      7,700.0100     1,339.0000                  6,100.0000      7,700.0100     1,404.0000                  6,393.0000      7,700.0100     1,471.0000                  6,700.0000      7,700.0100     1,542.0000                  7,022.0000      7,700.0100     1,616.0000                  7,359.0000  0.2195  0.2195
31     7,700.0100    1,281.0000              5,835.0000    7,700.0100    1,345.0000              6,126.0000      7,700.0100     1,345.0000                  6,126.0000      7,700.0100     1,410.0000                  6,420.0000      7,700.0100     1,477.0000                  6,729.0000      7,700.0100     1,548.0000                  7,051.0000      7,700.0100     1,623.0000                  7,390.0000      7,700.0100     1,700.0000                  7,745.0000  0.2196  0.2196
32     7,710.0100    1,321.0000              6,129.0000    7,710.0100    1,387.0000              6,435.0000      7,710.0100     1,387.0000                  6,435.0000      7,710.0100     1,454.0000                  6,744.0000      7,710.0100     1,524.0000                  7,068.0000      7,710.0100     1,597.0000                  7,407.0000      7,710.0100     1,673.0000                  7,763.0000      7,710.0100     1,754.0000                  8,135.0000  0.2155  0.2155
33     7,700.0100    1,401.0000              6,392.0000    7,700.0100    1,471.0000              6,711.0000      7,700.0100     1,471.0000                  6,711.0000      7,700.0100     1,541.0000                  7,033.0000      7,700.0100     1,615.0000                  7,371.0000      7,700.0100     1,693.0000                  7,725.0000      7,700.0100     1,774.0000                  8,096.0000      7,700.0100     1,859.0000                  8,484.0000  0.2192  0.2192
34     7,710.0100    1,465.0000              6,674.0000    7,710.0100    1,538.0000              7,007.0000      7,710.0100     1,538.0000                  7,007.0000      7,710.0100     1,612.0000                  7,344.0000      7,710.0100     1,690.0000                  7,696.0000      7,710.0100     1,771.0000                  8,066.0000      7,710.0100     1,856.0000                  8,453.0000      7,710.0100     1,945.0000                  8,859.0000  0.2195  0.2195
35     7,700.0100    1,516.0000              6,939.0000    7,700.0100    1,592.0000              7,286.0000      7,700.0100     1,592.0000                  7,286.0000      7,700.0100     1,668.0000                  7,636.0000      7,700.0100     1,748.0000                  8,002.0000      7,700.0100     1,832.0000                  8,386.0000      7,700.0100     1,920.0000                  8,789.0000      7,700.0100     2,013.0000                  9,211.0000  0.2185  0.2185
36     7,710.0100    1,581.0000              7,208.0000    7,710.0100    1,661.0000              7,569.0000      7,710.0100     1,661.0000                  7,569.0000      7,710.0100     1,740.0000                  7,932.0000      7,710.0100     1,824.0000                  8,313.0000      7,710.0100     1,911.0000                  8,712.0000      7,710.0100     2,003.0000                  9,130.0000      7,710.0100     2,099.0000                  9,568.0000  0.2194  0.2194
37     7,700.0100    1,630.0000              7,439.0000    7,700.0100    1,711.0000              7,811.0000      7,700.0100     1,711.0000                  7,811.0000      7,700.0100     1,794.0000                  8,186.0000      7,700.0100     1,880.0000                  8,579.0000      7,700.0100     1,970.0000                  8,990.0000      7,700.0100     2,065.0000                  9,422.0000      7,700.0100     2,164.0000                  9,874.0000  0.2191  0.2191
38     7,700.0100    1,688.0000              7,697.0000    7,700.0100    1,773.0000              8,082.0000      7,700.0100     1,773.0000                  8,082.0000      7,700.0100     1,858.0000                  8,470.0000      7,700.0100     1,947.0000                  8,876.0000      7,700.0100     2,040.0000                  9,302.0000      7,700.0100     2,138.0000                  9,749.0000      7,700.0100     2,241.0000                 10,217.0000  0.2194  0.2194
39     7,710.0100    1,717.0000              7,963.0000    7,710.0100    1,802.0000              8,362.0000      7,710.0100     1,802.0000                  8,362.0000      7,710.0100     1,889.0000                  8,763.0000      7,710.0100     1,980.0000                  9,183.0000      7,710.0100     2,075.0000                  9,624.0000      7,710.0100     2,174.0000                 10,086.0000      7,710.0100     2,279.0000                 10,570.0000  0.2155  0.2155
40     7,700.0100    1,797.0000              8,199.0000    7,700.0100    1,887.0000              8,609.0000      7,700.0100     1,887.0000                  8,609.0000      7,700.0100     1,977.0000                  9,022.0000      7,700.0100     2,072.0000                  9,456.0000      7,700.0100     2,172.0000                  9,909.0000      7,700.0100     2,276.0000                 10,385.0000      7,700.0100     2,385.0000                 10,884.0000  0.2192  0.2192
41     7,710.0100    1,828.0000              8,343.0000    7,710.0100    1,920.0000              8,760.0000      7,710.0100     1,920.0000                  8,760.0000      7,710.0100     2,012.0000                  9,180.0000      7,710.0100     2,108.0000                  9,621.0000      7,710.0100     2,209.0000                 10,083.0000      7,710.0100     2,315.0000                 10,567.0000      7,710.0100     2,427.0000                 11,074.0000  0.2192  0.2192
42     7,700.0100    1,856.0000              8,468.0000    7,700.0100    1,949.0000              8,892.0000      7,700.0100     1,949.0000                  8,892.0000      7,700.0100     2,043.0000                  9,319.0000      7,700.0100     2,141.0000                  9,766.0000      7,700.0100     2,243.0000                 10,235.0000      7,700.0100     2,351.0000                 10,726.0000      7,700.0100     2,464.0000                 11,241.0000  0.2192  0.2192
43     7,700.0100    1,884.0000              8,587.0000    7,700.0100    1,978.0000              9,016.0000      7,700.0100     1,978.0000                  9,016.0000      7,700.0100     2,073.0000                  9,449.0000      7,700.0100     2,173.0000                  9,903.0000      7,700.0100     2,277.0000                 10,378.0000      7,700.0100     2,386.0000                 10,876.0000      7,700.0100     2,501.0000                 11,398.0000  0.2194  0.2194
44     7,710.0100    1,905.0000              8,681.0000    7,710.0100    2,000.0000              9,115.0000      7,710.0100     2,000.0000                  9,115.0000      7,710.0100     2,096.0000                  9,553.0000      7,710.0100     2,197.0000                 10,011.0000      7,710.0100     2,302.0000                 10,492.0000      7,710.0100     2,413.0000                 10,995.0000      7,710.0100     2,529.0000                 11,523.0000  0.2194  0.2194
45     7,700.0100    1,920.0000              8,775.0000    7,700.0100    2,016.0000              9,214.0000      7,700.0100     2,016.0000                  9,214.0000      7,700.0100     2,112.0000                  9,657.0000      7,700.0100     2,214.0000                 10,120.0000      7,700.0100     2,320.0000                 10,606.0000      7,700.0100     2,431.0000                 11,115.0000      7,700.0100     2,548.0000                 11,648.0000  0.2188  0.2188
46     7,710.0100    1,951.0000              8,915.0000    7,710.0100    2,049.0000              9,360.0000      7,710.0100     2,049.0000                  9,360.0000      7,710.0100     2,147.0000                  9,810.0000      7,710.0100     2,250.0000                 10,281.0000      7,710.0100     2,358.0000                 10,774.0000      7,710.0100     2,471.0000                 11,291.0000      7,710.0100     2,590.0000                 11,833.0000  0.2189  0.2189
47     7,700.0100    2,001.0000              9,107.0000    7,700.0100    2,101.0000              9,563.0000      7,700.0100     2,101.0000                  9,563.0000      7,700.0100     2,202.0000                 10,022.0000      7,700.0100     2,308.0000                 10,503.0000      7,700.0100     2,418.0000                 11,007.0000      7,700.0100     2,535.0000                 11,535.0000      7,700.0100     2,656.0000                 12,089.0000  0.2197  0.2197
48     7,700.0100    2,013.0000              9,245.0000    7,700.0100    2,114.0000              9,707.0000      7,700.0100     2,114.0000                  9,707.0000      7,700.0100     2,215.0000                 10,173.0000      7,700.0100     2,321.0000                 10,662.0000      7,700.0100     2,433.0000                 11,173.0000      7,700.0100     2,550.0000                 11,710.0000      7,700.0100     2,672.0000                 12,272.0000  0.2178  0.2178
49     7,710.0100    2,056.0000              9,400.0000    7,710.0100    2,159.0000              9,870.0000      7,710.0100     2,159.0000                  9,870.0000      7,710.0100     2,263.0000                 10,344.0000      7,710.0100     2,371.0000                 10,840.0000      7,710.0100     2,485.0000                 11,360.0000      7,710.0100     2,604.0000                 11,906.0000      7,710.0100     2,729.0000                 12,477.0000  0.2187  0.2187
50     7,700.0100    2,109.0000              9,615.0000    7,700.0100    2,214.0000             10,096.0000      7,700.0100     2,214.0000                 10,096.0000      7,700.0100     2,321.0000                 10,580.0000      7,700.0100     2,432.0000                 11,088.0000      7,700.0100     2,549.0000                 11,621.0000      7,700.0100     2,671.0000                 12,178.0000      7,700.0100     2,799.0000                 12,763.0000  0.2193  0.2193
51     7,710.0100    2,166.0000              9,873.0000    7,710.0100    2,275.0000             10,366.0000      7,710.0100     2,275.0000                 10,366.0000      7,710.0100     2,384.0000                 10,864.0000      7,710.0100     2,498.0000                 11,386.0000      7,710.0100     2,618.0000                 11,932.0000      7,710.0100     2,744.0000                 12,505.0000      7,710.0100     2,876.0000                 13,105.0000  0.2195  0.2195
52     7,700.0100    2,201.0000             10,097.0000    7,700.0100    2,312.0000             10,602.0000      7,700.0100     2,312.0000                 10,602.0000      7,700.0100     2,422.0000                 11,111.0000      7,700.0100     2,539.0000                 11,644.0000      7,700.0100     2,661.0000                 12,203.0000      7,700.0100     2,788.0000                 12,789.0000      7,700.0100     2,922.0000                 13,402.0000  0.2181  0.2181
53     7,700.0100    2,261.0000             10,324.0000    7,700.0100    2,374.0000             10,840.0000      7,700.0100     2,374.0000                 10,840.0000      7,700.0100     2,488.0000                 11,360.0000      7,700.0100     2,608.0000                 11,905.0000      7,700.0100     2,733.0000                 12,477.0000      7,700.0100     2,864.0000                 13,076.0000      7,700.0100     3,001.0000                 13,703.0000  0.2190  0.2190
54     7,710.0100    2,330.0000             10,638.0000    7,710.0100    2,446.0000             11,170.0000      7,710.0100     2,446.0000                 11,170.0000      7,710.0100     2,563.0000                 11,706.0000      7,710.0100     2,687.0000                 12,268.0000      7,710.0100     2,815.0000                 12,857.0000      7,710.0100     2,951.0000                 13,474.0000      7,710.0100     3,092.0000                 14,121.0000  0.2190  0.2190
55     7,700.0100    2,388.0000             10,912.0000    7,700.0100    2,507.0000             11,458.0000      7,700.0100     2,507.0000                 11,458.0000      7,700.0100     2,628.0000                 12,008.0000      7,700.0100     2,754.0000                 12,584.0000      7,700.0100     2,886.0000                 13,189.0000      7,700.0100     3,024.0000                 13,822.0000      7,700.0100     3,170.0000                 14,485.0000  0.2188  0.2188
56     7,710.0100    2,434.0000             11,157.0000    7,710.0100    2,556.0000             11,715.0000      7,710.0100     2,556.0000                 11,715.0000      7,710.0100     2,678.0000                 12,278.0000      7,710.0100     2,807.0000                 12,867.0000      7,710.0100     2,941.0000                 13,484.0000      7,710.0100     3,083.0000                 14,132.0000      7,710.0100     3,231.0000                 14,810.0000  0.2182  0.2182
57     7,700.0100    2,487.0000             11,393.0000    7,700.0100    2,612.0000             11,962.0000      7,700.0100     2,612.0000                 11,962.0000      7,700.0100     2,737.0000                 12,536.0000      7,700.0100     2,869.0000                 13,138.0000      7,700.0100     3,006.0000                 13,769.0000      7,700.0100     3,151.0000                 14,430.0000      7,700.0100     3,302.0000                 15,122.0000  0.2184  0.2184
58     7,700.0100    2,548.0000             11,657.0000    7,700.0100    2,676.0000             12,240.0000      7,700.0100     2,676.0000                 12,240.0000      7,700.0100     2,804.0000                 12,827.0000      7,700.0100     2,939.0000                 13,443.0000      7,700.0100     3,080.0000                 14,088.0000      7,700.0100     3,228.0000                 14,764.0000      7,700.0100     3,390.0000                 15,473.0000  0.2186  0.2186
59     7,710.0100    2,622.0000             11,962.0000    7,710.0100    2,753.0000             12,560.0000      7,710.0100     2,753.0000                 12,560.0000      7,710.0100     2,885.0000                 13,163.0000      7,710.0100     3,023.0000                 13,795.0000      7,710.0100     3,168.0000                 14,457.0000      7,710.0100     3,320.0000                 15,151.0000      7,710.0100     3,516.0000                 15,878.0000  0.2192  0.2192
60     7,700.0100    2,660.0000             12,224.0000    7,700.0100    2,793.0000             12,835.0000      7,700.0100     2,793.0000                 12,835.0000      7,700.0100     2,927.0000                 13,451.0000      7,700.0100     3,068.0000                 14,097.0000      7,700.0100     3,215.0000                 14,774.0000      7,700.0100     3,377.0000                 15,483.0000      7,700.0100     3,596.0000                 16,226.0000  0.2176  0.2176
61     7,710.0100    2,740.0000             12,550.0000    7,710.0100    2,877.0000             13,178.0000      7,710.0100     2,877.0000                 13,178.0000      7,710.0100     3,015.0000                 13,810.0000      7,710.0100     3,160.0000                 14,473.0000      7,710.0100     3,311.0000                 15,168.0000      7,710.0100     3,508.0000                 15,896.0000      7,710.0100     3,735.0000                 16,659.0000  0.2183  0.2183
62     7,700.0100    2,811.0000             12,847.0000    7,700.0100    2,952.0000             13,490.0000      7,700.0100     2,952.0000                 13,490.0000      7,700.0100     3,093.0000                 14,137.0000      7,700.0100     3,242.0000                 14,816.0000      7,700.0100     3,408.0000                 15,527.0000      7,700.0100     3,630.0000                 16,272.0000      7,700.0100     3,863.0000                 17,053.0000  0.2188  0.2188
63     7,700.0100    2,880.0000             13,160.0000    7,700.0100    3,024.0000             13,819.0000      7,700.0100     3,024.0000                 13,819.0000      7,700.0100     3,169.0000                 14,482.0000      7,700.0100     3,321.0000                 15,177.0000      7,700.0100     3,521.0000                 15,905.0000      7,700.0100     3,749.0000                 16,669.0000      7,700.0100     3,988.0000                 17,469.0000  0.2188  0.2188
64     7,710.0100    2,965.0000             13,540.0000    7,710.0100    3,113.0000             14,217.0000      7,710.0100     3,113.0000                 14,217.0000      7,710.0100     3,262.0000                 14,900.0000      7,710.0100     3,434.0000                 15,615.0000      7,710.0100     3,658.0000                 16,364.0000      7,710.0100     3,892.0000                 17,150.0000      7,710.0100     4,138.0000                 17,973.0000  0.2190  0.2190
65     7,700.0100    3,033.0000             13,872.0000    7,700.0100    3,184.0000             14,566.0000      7,700.0100     3,184.0000                 14,566.0000      7,700.0100     3,337.0000                 15,265.0000      7,700.0100     3,545.0000                 15,998.0000      7,700.0100     3,774.0000                 16,766.0000      7,700.0100     4,014.0000                 17,570.0000      7,700.0100     4,266.0000                 18,414.0000  0.2186  0.2186
66     7,710.0100    3,099.0000             14,228.0000    7,710.0100    3,254.0000             14,940.0000      7,710.0100     3,254.0000                 14,940.0000      7,710.0100     3,429.0000                 15,657.0000      7,710.0100     3,653.0000                 16,408.0000      7,710.0100     3,887.0000                 17,196.0000      7,710.0100     4,133.0000                 18,021.0000      7,710.0100     4,390.0000                 18,886.0000  0.2178  0.2178
67     7,700.0100    3,177.0000             14,618.0000    7,700.0100    3,336.0000             15,349.0000      7,700.0100     3,338.0000                 15,349.0000      7,700.0100     3,551.0000                 16,086.0000      7,700.0100     3,780.0000                 16,858.0000      7,700.0100     4,021.0000                 17,667.0000      7,700.0100     4,273.0000                 18,515.0000      7,700.0100     4,537.0000                 19,404.0000  0.2173  0.2175
68     7,710.0100    3,281.0000             15,043.0000    7,710.0100    3,445.0000             15,795.0000      7,710.0100     3,475.0000                 15,795.0000      7,710.0100     3,700.0000                 16,553.0000      7,710.0100     3,936.0000                 17,348.0000      7,710.0100     4,184.0000                 18,181.0000      7,710.0100     4,444.0000                 19,053.0000      7,710.0100     4,716.0000                 19,968.0000  0.2181  0.2200
69     7,700.0100    3,374.0000             15,429.0000    7,700.0100    3,543.0000             16,200.0000      7,700.0100     3,607.0000                 16,200.0000      7,700.0100     3,839.0000                 16,978.0000      7,700.0100     4,082.0000                 17,793.0000      7,700.0100     4,337.0000                 18,647.0000      7,700.0100     4,604.0000                 19,542.0000      7,700.0100     4,884.0000                 20,480.0000  0.2187  0.2227
70     7,705.0100    3,464.0000             15,857.0000    7,705.0100    3,637.0000             16,650.0000      7,705.0100     3,736.0000                 16,650.0000      7,705.0100     3,974.0000                 17,449.0000      7,705.0100     4,224.0000                 18,286.0000      7,705.0100     4,486.0000                 19,164.0000      7,705.0100     4,760.0000                 20,084.0000      7,705.0100     5,047.0000                 21,048.0000  0.2184  0.2244
71     7,705.0100    3,553.0000             16,312.0000    7,705.0100    3,731.0000             17,128.0000      7,705.0100     3,867.0000                 17,128.0000      7,705.0100     4,112.0000                 17,950.0000      7,705.0100     4,368.0000                 18,812.0000      7,705.0100     4,637.0000                 19,715.0000      7,705.0100     4,918.0000                 20,661.0000      7,705.0100     5,213.0000                 21,653.0000  0.2178  0.2258
72     7,705.0100    3,657.0000             16,812.0000    7,705.0100    3,840.0000             17,653.0000      7,705.0100     4,019.0000                 17,653.0000      7,705.0100     4,271.0000                 18,500.0000      7,705.0100     4,535.0000                 19,388.0000      7,705.0100     4,812.0000                 20,319.0000      7,705.0100     5,102.0000                 21,294.0000      7,705.0100     5,406.0000                 22,316.0000  0.2175  0.2277
73     7,705.0100    3,791.0000             17,359.0000    7,705.0100    3,981.0000             18,227.0000      7,705.0100     4,206.0000                 18,227.0000      7,705.0100     4,467.0000                 19,102.0000      7,705.0100     4,740.0000                 20,019.0000      7,705.0100     5,027.0000                 20,980.0000      7,705.0100     5,328.0000                 21,987.0000      7,705.0100     5,642.0000                 23,042.0000  0.2184  0.2308
74     7,700.0100    3,902.0000             17,918.0000    7,700.0100    4,097.0000             18,814.0000      7,700.0100     4,369.0000                 18,814.0000      7,700.0100     4,637.0000                 19,717.0000      7,700.0100     4,919.0000                 20,664.0000      7,700.0100     5,214.0000                 21,655.0000      7,700.0100     5,523.0000                 22,695.0000      7,700.0100     5,847.0000                 23,784.0000  0.2178  0.2322
75     7,705.0100    4,022.0000             18,470.0000    7,705.0100    4,223.0000             19,394.0000      7,705.0100     4,541.0000                 19,394.0000      7,705.0100     4,817.0000                 20,324.0000      7,705.0100     5,108.0000                 21,300.0000      7,705.0100     5,412.0000                 22,322.0000      7,705.0100     5,731.0000                 23,394.0000      7,705.0100     6,065.0000                 24,517.0000  0.2177  0.2341
76     7,705.0100    4,153.0000             19,033.0000    7,705.0100    4,361.0000             19,984.0000      7,705.0100     4,726.0000                 19,984.0000      7,705.0100     5,012.0000                 20,943.0000      7,705.0100     5,312.0000                 21,949.0000      7,705.0100     5,626.0000                 23,002.0000      7,705.0100     5,955.0000                 24,106.0000      7,705.0100     6,300.0000                 25,264.0000  0.2182  0.2365
77     7,705.0100    4,277.0000             19,671.0000    7,705.0100    4,491.0000             20,654.0000      7,705.0100     4,908.0000                 20,654.0000      7,705.0100     5,203.0000                 21,646.0000      7,705.0100     5,512.0000                 22,685.0000      7,705.0100     5,835.0000                 23,774.0000      7,705.0100     6,175.0000                 24,915.0000      7,705.0100     6,530.0000                 26,111.0000  0.2174  0.2376
78     7,705.0100    4,440.0000             20,366.0000    7,705.0100    4,662.0000             21,385.0000      7,705.0100     5,139.0000                 21,385.0000      7,705.0100     5,444.0000                 22,411.0000      7,705.0100     5,765.0000                 23,487.0000      7,705.0100     6,101.0000                 24,614.0000      7,705.0100     6,453.0000                 25,796.0000      7,705.0100     6,822.0000                 27,034.0000  0.2180  0.2403
79     7,704.0100    4,574.0000             21,131.0000    7,704.0100    4,803.0000             22,187.0000      7,704.0100     5,344.0000                 22,187.0000      7,704.0100     5,659.0000                 23,252.0000      7,704.0100     5,990.0000                 24,368.0000      7,704.0100     6,337.0000                 25,538.0000      7,704.0100     6,700.0000                 26,764.0000      7,704.0100     7,081.0000                 28,048.0000  0.2165  0.2409
80     7,704.0100    4,754.0000             21,930.0000    7,704.0100    4,992.0000             23,027.0000      7,704.0100     5,599.0000                 23,027.0000      7,704.0100     5,927.0000                 24,132.0000      7,704.0100     6,270.0000                 25,290.0000      7,704.0100     6,630.0000                 26,504.0000      7,704.0100     7,008.0000                 27,777.0000      7,704.0100     7,403.0000                 29,110.0000  0.2168  0.2431
81     7,704.0100    4,930.0000             22,819.0000    7,704.0100    5,176.0000             23,960.0000      7,704.0100     5,858.0000                 23,960.0000      7,704.0100     6,198.0000                 25,110.0000      7,704.0100     6,555.0000                 26,315.0000      7,704.0100     6,929.0000                 27,579.0000      7,704.0100     7,320.0000                 28,902.0000      7,704.0100     7,731.0000                 30,290.0000  0.2160  0.2445
82     7,704.0100    5,136.0000             23,760.0000    7,704.0100    5,393.0000             24,948.0000      7,704.0100     6,153.0000                 24,948.0000      7,704.0100     6,507.0000                 26,145.0000      7,704.0100     6,879.0000                 27,400.0000      7,704.0100     7,268.0000                 28,716.0000      7,704.0100     7,676.0000                 30,094.0000      7,704.0100     8,104.0000                 31,538.0000  0.2162  0.2466
83     7,704.0100    5,345.0000             24,777.0000    7,704.0100    5,613.0000             26,016.0000      7,704.0100     6,459.0000                 26,016.0000      7,704.0100     6,829.0000                 27,265.0000      7,704.0100     7,216.0000                 28,574.0000      7,704.0100     7,621.0000                 29,945.0000      7,704.0100     8,046.0000                 31,383.0000      7,704.0100     8,491.0000                 32,889.0000  0.2158  0.2483
84     7,704.0100    5,556.0000             25,842.0000    7,704.0100    5,833.0000             27,134.0000      7,704.0100     6,768.0000                 27,134.0000      7,704.0100     7,152.0000                 28,437.0000      7,704.0100     7,555.0000                 29,802.0000      7,704.0100     7,977.0000                 31,232.0000      7,704.0100     8,419.0000                 32,732.0000      7,704.0100     8,882.0000                 34,303.0000  0.2150  0.2494
85     7,704.0100    5,793.0000             27,081.0000    7,704.0100    6,083.0000             28,435.0000      7,704.0100     7,123.0000                 28,435.0000      7,704.0100     7,524.0000                 29,799.0000      7,704.0100     7,944.0000                 31,230.0000      7,704.0100     8,385.0000                 32,729.0000      7,704.0100     8,846.0000                 34,300.0000      7,704.0100     9,330.0000                 35,946.0000  0.2139  0.2505
86     7,704.0100    6,054.0000             28,370.0000    7,704.0100    6,356.0000             29,789.0000      7,704.0100     7,503.0000                 29,789.0000      7,704.0100     7,923.0000                 31,219.0000      7,704.0100     8,362.0000                 32,717.0000      7,704.0100     8,823.0000                 34,287.0000      7,704.0100     9,305.0000                 35,933.0000      7,704.0100     9,811.0000                 37,658.0000  0.2134  0.2519
87     7,704.0100    6,372.0000             29,883.0000    7,704.0100    6,691.0000             31,377.0000      7,704.0100     7,965.0000                 31,377.0000      7,704.0100     8,407.0000                 32,883.0000      7,704.0100     8,869.0000                 34,462.0000      7,704.0100     9,354.0000                 36,116.0000      7,704.0100     9,862.0000                 37,849.0000      7,704.0100    10,395.0000                 39,666.0000  0.2132  0.2538
88     7,704.0100    6,727.0000             31,674.0000    7,704.0100    7,063.0000             33,257.0000      7,704.0100     8,486.0000                 33,257.0000      7,704.0100     8,952.0000                 34,854.0000      7,704.0100     9,441.0000                 36,527.0000      7,704.0100     9,954.0000                 38,280.0000      7,704.0100    10,490.0000                 40,117.0000      7,704.0100    11,053.0000                 42,043.0000  0.2124  0.2552
89     7,705.0100    7,152.0000             33,709.0000    7,705.0100    7,510.0000             35,394.0000      7,705.0100     9,104.0000                 35,394.0000      7,705.0100     9,600.0000                 37,093.0000      7,705.0100    10,120.0000                 38,873.0000      7,705.0100    10,665.0000                 40,739.0000      7,705.0100    11,236.0000                 42,695.0000      7,705.0100    11,835.0000                 44,744.0000  0.2122  0.2572
90     7,704.0100    7,583.0000             36,085.0000    7,704.0100    7,962.0000             37,890.0000      7,704.0100     9,756.0000                 37,890.0000      7,704.0100    10,283.0000                 39,708.0000      7,704.0100    10,836.0000                 41,614.0000      7,704.0100    11,415.0000                 43,612.0000      7,704.0100    12,022.0000                 45,705.0000      7,704.0100    12,659.0000                 47,899.0000  0.2101  0.2575
91     7,704.0100    8,085.0000             38,712.0000    7,704.0100    8,489.0000             40,648.0000      7,704.0100    10,503.0000                 40,648.0000      7,704.0100    11,066.0000                 42,599.0000      7,704.0100    11,657.0000                 44,644.0000      7,704.0100    12,275.0000                 46,787.0000      7,704.0100    12,924.0000                 49,032.0000      7,704.0100    13,603.0000                 51,386.0000  0.2088  0.2584
92     7,704.0100    8,682.0000             41,884.0000    7,704.0100    9,116.0000             43,978.0000      7,704.0100    11,396.0000                 43,978.0000      7,704.0100    12,002.0000                 46,089.0000      7,704.0100    12,637.0000                 48,301.0000      7,704.0100    13,303.0000                 50,620.0000      7,704.0100    14,001.0000                 53,049.0000      7,704.0100    14,732.0000                 55,596.0000  0.2073  0.2591
93     7,704.0100    9,339.0000             45,764.0000    7,704.0100    9,806.0000             48,052.0000      7,704.0100    12,411.0000                 48,052.0000      7,704.0100    13,066.0000                 50,359.0000      7,704.0100    13,752.0000                 52,776.0000      7,704.0100    14,471.0000                 55,309.0000      7,704.0100    15,225.0000                 57,964.0000      7,704.0100    16,015.0000                 60,746.0000  0.2041  0.2583
94     7,704.0100   10,277.0000             50,622.0000    7,704.0100   10,791.0000             53,153.0000      7,704.0100    13,804.0000                 53,153.0000      7,704.0100    14,525.0000                 55,704.0000      7,704.0100    15,282.0000                 58,378.0000      7,704.0100    16,074.0000                 61,180.0000      7,704.0100    16,905.0000                 64,117.0000      7,704.0100    17,776.0000                 67,195.0000  0.2030  0.2597
95     7,704.0100   11,379.0000             57,025.0000    7,704.0100   11,948.0000             59,876.0000      7,704.0100    15,493.0000                 59,876.0000      7,704.0100    16,295.0000                 62,750.0000      7,704.0100    17,136.0000                 65,762.0000      7,704.0100    18,018.0000                 68,918.0000      7,704.0100    18,942.0000                 72,226.0000      7,704.0100    19,910.0000                 75,693.0000  0.1995  0.2588
96     7,704.0100   12,946.0000             65,921.0000    7,704.0100   13,594.0000             69,217.0000      7,704.0100    17,888.0000                 69,217.0000      7,704.0100    18,806.0000                 72,540.0000      7,704.0100    19,768.0000                 76,022.0000      7,704.0100    20,775.0000                 79,671.0000      7,704.0100    21,832.0000                 83,495.0000      7,704.0100    22,939.0000                 87,503.0000  0.1964  0.2584
97     7,704.0100   15,125.0000             79,956.0000    7,704.0100   15,881.0000             83,954.0000      7,704.0100    21,350.0000                 83,954.0000      7,704.0100    22,434.0000                 87,984.0000      7,704.0100    23,570.0000                 92,207.0000      7,704.0100    24,761.0000                 96,633.0000      7,704.0100    26,008.0000                101,271.0000      7,704.0100    27,316.0000                106,132.0000  0.1892  0.2543
98     7,704.0100   19,283.0000            107,152.0000    7,704.0100   20,247.0000            112,510.0000      7,704.0100    27,988.0000                112,510.0000      7,704.0100    29,390.0000                117,911.0000      7,704.0100    30,860.0000                123,570.0000      7,704.0100    32,400.0000                129,502.0000      7,704.0100    34,015.0000                135,718.0000      7,704.0100    35,707.0000                142,232.0000  0.1800  0.2488
99     7,705.0100   92,640.0000            488,768.0000    7,705.0100   97,294.0000            513,207.0000      7,705.0100   133,842.0000                513,207.0000      7,705.0100   140,356.0000                537,841.0000      7,705.0100   147,197.0000                563,657.0000      7,705.0100   154,380.0000                590,712.0000      7,705.0100   161,928.0000                619,067.0000      7,705.0100   169,857.0000                648,782.0000  0.1896  0.2608
ALL  770,407.0000  395,360.0000          1,932,879.0000  770,407.0000  415,150.0000          2,029,523.0000    770,407.0000   497,890.0000              2,029,523.0000    770,407.0000   523,780.0000              2,126,941.0000    770,407.0000   551,038.0000              2,229,034.0000    770,407.0000   579,723.0000              2,336,027.0000    770,407.0000   609,917.0000              2,448,157.0000    770,407.0000   641,696.0000              2,565,668.0000  0.2046  0.2453

